Webots Project File version R2021a
perspectives: 000000ff00000000fd00000003000000000000000000000000fc0100000001fb0000001a0044006f00630075006d0065006e0074006100740069006f006e0000000000ffffffff0000006900ffffff00000001000003360000042bfc0200000001fb0000001400540065007800740045006400690074006f007201000000150000042b0000008700ffffff0000000300000a000000010bfc0100000002fb0000000e0043006f006e0073006f006c00650100000000000007800000000000000000fb0000001a0043006f006e0073006f006c00650041006c006c0041006c006c010000000000000a000000006900ffffff000006c80000042b00000001000000020000000100000008fc00000000
simulationViewPerspectives: 000000ff0000000100000002000001180000021b0100000002010000000100
sceneTreePerspectives: 000000ff0000000100000002000000c0000000fc0100000002010000000200
maximizedDockId: -1
centralWidgetVisible: 1
orthographicViewHeight: 1
textFiles: 0 "controllers/av_m_controller/av_m_controller.py" "controllers/av_m_controller/mpc.py" "controllers/av_m_controller/lane_change.py" "controllers/av_m_controller/risk_functions.py" "controllers/av_m_controller/state.py" "controllers/av_m_controller/lane_change_risk.py"
globalOptionalRendering: LightSensorRays::LightPositions::RadarFrustums
consoles: Console:All:All
renderingDevicePerspectives: vehicle(2):camera_left;1;0.491667;0;0.22112
renderingDevicePerspectives: vehicle(2):camera_right;1;0.475;0;0
x3dExport-shadowBias: 0
x3dExport-shadowMapSize: 2048
x3dExport-shadowRadius: 0
